0.0
0.0
-0.550867089385
0.0
0.0
0.0
0.919909542572
1.78617432649
1.30791334728
0.00403309549637
0.484339389475
-0.52272527748
0.0
0.0
0.0
0.0
0.0
0.0
0.0
0.0
0.0
0.0
0.0
0.0
0.0
0.0
0.0
0.0
0.0
0.0
0.0
0.0
0.0
0.0
0.0
0.0
0.0
0.0
-0.68856900671
-1.07779474558
-0.18285540302
-0.187191305575
0.714111236094
0.0
0.0
0.0
0.0
0.0
0.147178401604
0.697517540374
-1.77352129257
-0.727647873496
0.0
0.0
0.0
0.0
0.0
0.0
0.0
0.0
-0.351502953558
0.153339137169
0.144780490644
0.0
0.0
0.0
0.0
0.0
0.0
0.0
0.0
0.0
0.0
0.0
0.0
-1.02684690629
0.185305215906
-0.325955138742
0.140256330935
0.0
0.0
0.0
0.0
0.0
0.0
0.0
0.0
0.0
-0.845424075092
0.0898804560018
0.548545709804
-0.818672181705
-1.64636752585
0.287837436028
0.144499014566
0.527389386851
-0.377914828663
0.0112653938008
0.0
0.0
0.0
0.0
0.0
0.0
0.0
0.0
0.0
0.0
0.0
0.0
-0.174428756733
-0.0617872396182
0.354089172411
-0.327300600777
-0.113898844661
0.0
1.73001226741
0.0
0.0
0.0
-0.572451780685
-1.42040442842
0.0
0.0
0.0
-0.0285663399433
0.123195503544
-0.585233359575
-0.582442499073
0.0
