0.0
0.0
-8.47032947254e-22
0.0
0.0
0.0
2.63261813874e-06
5.26523627748e-06
2.63261813874e-06
2.63261813874e-06
2.63261813874e-06
-5.26523627748e-06
0.0
0.0
0.0
0.0
0.0
0.0
0.0
0.0
0.0
0.0
0.0
0.0
0.0
0.0
0.0
0.0
0.0
0.0
0.0
0.0
0.0
0.0
0.0
0.0
0.0
0.0
-2.63261813874e-06
-5.26523627748e-06
-2.63261813874e-06
5.26523627748e-06
5.26523627748e-06
0.0
0.0
0.0
0.0
0.0
5.26523627748e-06
2.54109884176e-21
-2.54109884176e-21
-2.63261813874e-06
0.0
0.0
0.0
0.0
0.0
0.0
0.0
0.0
2.63261813874e-06
5.26523627748e-06
5.26523627748e-06
0.0
0.0
0.0
0.0
0.0
0.0
0.0
0.0
0.0
0.0
0.0
0.0
-1.0530472555e-05
-2.63261813874e-06
-5.26523627748e-06
-8.47032947254e-22
0.0
0.0
0.0
0.0
0.0
0.0
0.0
0.0
0.0
2.63261813874e-06
-5.26523627748e-06
2.54109884176e-21
-8.47032947254e-22
-5.26523627748e-06
2.63261813874e-06
-8.47032947254e-22
-2.63261813874e-06
-8.47032947254e-22
-8.47032947254e-22
0.0
0.0
0.0
0.0
0.0
0.0
0.0
0.0
0.0
0.0
0.0
0.0
2.63261813874e-06
5.26523627748e-06
-2.63261813874e-06
-5.26523627748e-06
8.47032947254e-22
0.0
7.89785441622e-06
0.0
0.0
0.0
2.63261813874e-06
-7.89785441622e-06
0.0
0.0
0.0
-8.47032947254e-22
-8.47032947254e-22
2.63261813874e-06
-2.63261813874e-06
0.0
