0.0
0.0
-7.08190209712e-05
0.0
0.0
0.0
1.46953119409e-06
1.38083309584e-05
5.60268177074e-06
-1.05917473423e-05
-1.43462538126e-05
-1.51894268737e-05
0.0
0.0
0.0
0.0
0.0
0.0
0.0
0.0
0.0
0.0
0.0
0.0
0.0
0.0
0.0
0.0
0.0
0.0
0.0
0.0
0.0
0.0
0.0
0.0
0.0
0.0
-4.58784045722e-06
-2.5612351295e-05
-9.24958668295e-06
-1.25318323314e-05
-8.4361929192e-06
0.0
0.0
0.0
0.0
0.0
3.37906704872e-06
8.45413302027e-06
-2.37727049188e-05
-1.56694890235e-05
0.0
0.0
0.0
0.0
0.0
0.0
0.0
0.0
-3.60090420419e-06
-1.20133533829e-05
-1.54582912057e-05
0.0
0.0
0.0
0.0
0.0
0.0
0.0
0.0
0.0
0.0
0.0
0.0
-5.56823055971e-07
-1.18914569083e-08
-8.13781100826e-06
-1.4977681698e-05
0.0
0.0
0.0
0.0
0.0
0.0
0.0
0.0
0.0
2.78800255593e-06
-1.47709646691e-06
-2.00590972515e-06
-1.96795381215e-05
-2.27733041349e-05
4.82010569198e-06
-8.65195452009e-06
-6.96676659013e-06
-1.96527370495e-05
-1.15487899462e-05
0.0
0.0
0.0
0.0
0.0
0.0
0.0
0.0
0.0
0.0
0.0
0.0
-6.11835510064e-07
5.78215226552e-07
-4.63941934556e-06
-1.4638853822e-05
-1.21652367548e-05
0.0
5.71943999873e-06
0.0
0.0
0.0
-4.30165788891e-06
-5.34571058669e-05
0.0
0.0
0.0
-3.23160359746e-07
-5.88617014579e-06
-1.31649999819e-05
-1.8312734097e-05
0.0
