1.0
1.0
125.946951019
1.0
1.0
1.0
1.81669669856
2.59927292556
2.17303717008
0.887449225265
0.942045235254
0.53426097416
1.0
1.0
1.0
1.0
1.0
1.0
1.0
1.0
1.0
1.0
1.0
1.0
1.0
1.0
1.0
1.0
1.0
1.0
1.0
1.0
1.0
1.0
1.0
1.0
1.0
1.0
0.77204796336
0.464787263609
1.10462212541
0.861349474828
1.13809328043
1.0
1.0
1.0
1.0
1.0
1.54931757152
1.72852457347
0.338041684901
0.388570199793
1.0
1.0
1.0
1.0
1.0
1.0
1.0
1.0
0.651899919403
0.561513653218
0.764403924119
1.0
1.0
1.0
1.0
1.0
1.0
1.0
1.0
1.0
1.0
1.0
1.0
0.960980344483
1.50375237092
0.705914199124
0.45562911833
1.0
1.0
1.0
1.0
1.0
1.0
1.0
1.0
1.0
0.896323717518
1.18430443137
1.43076878359
0.528971261544
0.539603583901
1.96722220213
1.10462212541
1.24471585975
0.433515472366
0.572800077648
1.0
1.0
1.0
1.0
1.0
1.0
1.0
1.0
1.0
1.0
1.0
1.0
0.749342146965
1.18430443137
1.04060401
0.620260405065
0.705914199124
1.0
1.81669669856
1.0
1.0
1.0
0.756835568435
0.15402163485
1.0
1.0
1.0
0.749342146965
0.698924949627
0.56712878975
0.692004900621
1.0
