0.0
0.0
127.9921875
0.0
0.0
0.0
15.9375
7.875
15.9375
-1.5
7.875
-63.984375
0.0
0.0
0.0
0.0
0.0
0.0
0.0
0.0
0.0
0.0
0.0
0.0
0.0
0.0
0.0
0.0
0.0
0.0
0.0
0.0
0.0
0.0
0.0
0.0
0.0
0.0
-15.9375
-63.984375
-1.5
-3.75
15.9375
0.0
0.0
0.0
0.0
0.0
-3.75
3.75
-63.984375
-31.96875
0.0
0.0
0.0
0.0
0.0
0.0
0.0
0.0
0.0
-3.75
-3.75
0.0
0.0
0.0
0.0
0.0
0.0
0.0
0.0
0.0
0.0
0.0
0.0
-3.75
1.5
-15.9375
15.9375
0.0
0.0
0.0
0.0
0.0
0.0
0.0
0.0
0.0
-127.9921875
-15.9375
31.96875
-31.96875
-127.9921875
3.75
3.75
-3.75
-7.875
-31.96875
0.0
0.0
0.0
0.0
0.0
0.0
0.0
0.0
0.0
0.0
0.0
0.0
3.75
1.5
1.5
-15.9375
-1.5
0.0
31.96875
0.0
0.0
0.0
-3.75
-127.9921875
0.0
0.0
0.0
-7.875
31.96875
-1.5
-15.9375
0.0
