-6.71451623004
3.87254369046
-17.957795539
0.0
0.0
0.0
0.0
0.0
0.0
33.682170588
0.0
-0.573676194414
0.0
0.0
16.8053439912
16.4942826082
0.0
0.0
0.0
0.0
-2.75419920994
-4.42549892989
2.37823679235
0.0
-11.3308687759
-8.36256870091
19.0242200703
0.0
0.0
0.0
10.5547238489
6.66792791391
0.0
-5.76089019505
0.0
-11.2442176052
0.0
-9.55293193622
0.0
3.38321336312
-0.0484174875352
3.39324948405
0.401379643066
0.0
0.0
0.0
0.0
0.0
0.0
0.0
17.6194524071
0.0
0.0
0.763977855934
0.0
0.0
-11.2760876914
-15.6494636425
0.0
0.0
0.0
-3.73675942738
15.5199292046
0.0
0.0
0.0
16.067132822
0.0
0.0
0.0
7.73678630889
0.0
4.99228940841
1.17698846238
13.4269124435
0.0
0.0
0.0
0.0
0.0
0.0
4.60179722138
0.0
-3.32105270765
0.0
8.07932295824
0.0
4.11716472972
0.0
6.08653188836
0.0
-3.70738051338
0.0
-13.9364649414
2.50701292801
0.0
-1.65508019597
0.0
-1.81296716122
14.6379997413
0.0
0.0
0.0
0.0
27.9849631243
-1.54396921499
0.0
-14.0025860532
1.97357822951
7.96061685636
-4.16852717063
0.0
17.1571818568
0.0
0.0
0.0
0.0
-10.1451639625
-5.20702697258
0.0
-5.63746248222
0.0
0.0
0.0
0.0
0.0
-7.98150151965
0.0
0.0
0.0
0.0
0.0
0.0
0.0
0.0
-0.0959407446619
0.0
0.0
0.0
0.740531325182
0.0
-6.06798469024
0.0
0.0
7.69300158843
0.0
0.0
0.0
-10.074860989
0.0
0.0
-15.7394248903
-6.3941842712
0.0
0.0
0.0
-6.3964280115
0.0
-5.2918458005
0.0
-6.22306755371
0.0
0.0
16.1249036486
0.0
0.0
0.0
-28.38793057
0.0
0.0
0.0
0.0
0.0
0.0
0.0
0.0
-15.7662478791
-6.22306755371
0.0
0.256588926358
0.0
3.69142338522
0.0
0.0
0.0
0.0
0.0
0.0
0.0
-8.37205044789
0.0
0.0
0.0
0.0
0.0
-11.9771312686
0.0
0.0
-10.4590194019
0.0
-11.8479355357
-12.0705764315
0.0
0.0
0.0
0.0
0.0
0.0
0.0
-2.45299203252
0.0
0.927868466379
0.0
0.0
0.0
3.1712043762
0.0
0.0
-6.48741760828
0.0
8.68310497619
0.0
-5.38810265582
0.0
18.0125576651
0.0
0.0
-8.50645747139
0.0
0.0
0.0
-7.17890623521
0.0
0.0
-7.9166880891
0.0
-11.9197016629
0.0
-0.697562563044
0.0
5.21615862597
5.21615862597
0.0
9.3514988763
6.13061231077
0.0
0.0
0.0
-10.9701527549
9.36163401361
-8.51370346783
0.0
0.0
0.0
-10.7352870758
7.0306241507
0.0
0.0
6.37858561765
0.0
0.0
0.0
0.0
0.0
0.0
0.0
5.58766768065
0.0
0.0
0.0
-3.01750205509
0.0
-24.0853032643
-18.8105669377
0.0
0.0
0.0
0.0
0.0
-3.01750205509
0.0
0.0
0.0
0.0
-14.6098757661
0.0
0.0
5.58766768065
0.0
0.0
1.16021835679
-10.6660904588
1.80490313826
0.0
0.0
0.0
0.0
-9.95898341066
-12.7176300154
-0.672165430641
6.90377629369
0.0
1.32609904481
0.0
0.0
0.0
43.219651166
5.58766768065
-1.52111828241
0.0
0.0
0.0
0.0
2.13049234774
0.0
0.0
0.0
0.0
0.0
5.21615862597
0.0
0.0
6.51893416496
0.0
0.0
0.0
0.0
0.0
0.0
0.0
0.0
0.0
0.565456727252
0.871803784347
-4.98112307766
0.0
0.0
0.0
1.27657821598
0.0
0.0
-1.69603883625
-0.722100263161
0.0
0.0
0.0
0.0
0.0
0.0
0.0588518248903
4.96058657348
0.0
0.0
0.0
0.0
0.0
-11.03695494
0.0
7.81170467764
-7.60010954223
10.2994293777
