4.26056304825e-06
-2.38167560861e-10
-0.00106278119622
0.0
0.0
0.0
0.0
0.0
0.0
-5.05553324256e-06
0.0
-0.0014062338354
0.0
0.0
2.59244319423e-06
-0.000136954093338
0.0
0.0
0.0
0.0
-6.34196883764e-22
-0.0448292120777
-2.37306376589e-27
0.0
-7.6898566516e-05
-0.00314598788683
-0.000165743528707
0.0
0.0
0.0
0.000220074451643
4.23218031895e-08
0.0
-1.69599512666e-05
0.0
0.000254196601468
0.0
0.00549549306393
0.0
-1.21793319211e-11
-3.9395816034e-06
-5.07533852234e-05
-1.37512600685e-06
0.0
0.0
0.0
0.0
0.0
0.0
0.0
1.48334762592e-06
0.0
0.0
0.000262644196174
0.0
0.0
-0.000427878127111
-0.000825196500703
0.0
0.0
0.0
2.96613561448e-06
9.28980531498e-07
0.0
0.0
0.0
-0.00379935749591
0.0
0.0
0.0
-0.000134188976977
0.0
-0.000285147127214
-6.91497366281e-06
0.11923579091
0.0
0.0
0.0
0.0
0.0
0.0
-1.03105374893e-06
0.0
-0.000239451456734
0.0
-4.60988476427e-06
0.0
-4.66427796772e-06
0.0
-5.01783378959e-06
0.0
-4.96697432384e-183
0.0
-7.30214781421e-11
-1.0308405577e-06
0.0
-0.000220080495438
0.0
-1.03084097695e-06
0.000381359424745
0.0
0.0
0.0
0.0
-1.52022824961e-06
-3.06493504389e-06
0.0
-5.24570497203e-05
-0.000690671915031
-0.00120099536608
-0.0508350105149
0.0
-0.000426015689157
0.0
0.0
0.0
0.0
-2.40173481227e-07
-2.40173481227e-07
0.0
-2.40173480996e-07
0.0
0.0
0.0
0.0
0.0
-0.0150903263069
0.0
0.0
0.0
0.0
0.0
0.0
0.0
0.0
-3.79498415191e-07
0.0
0.0
0.0
-6.68032443405e-25
0.0
-1.39696850122e-07
0.0
0.0
-0.00260638240335
0.0
0.0
0.0
-0.00431431665204
0.0
0.0
-0.000260993874912
-0.00388756588973
0.0
0.0
0.0
-8.53692966591e-05
0.0
-2.32421842349e-37
0.0
-5.07794156263e-22
0.0
0.0
-0.00251596318269
0.0
0.0
0.0
-0.0148606694426
0.0
0.0
0.0
0.0
0.0
0.0
0.0
0.0
-1.57550150916e-06
-5.07794156263e-22
0.0
-0.00232099298577
0.0
-0.000170000538222
0.0
0.0
0.0
0.0
0.0
0.0
0.0
-0.00354715739954
0.0
0.0
0.0
0.0
0.0
-7.32478118744e-05
0.0
0.0
-4.30875869701e-05
0.0
-0.000389533192938
-0.000408532475594
0.0
0.0
0.0
0.0
0.0
0.0
0.0
-1.58718496711e-251
0.0
-0.00289001970248
0.0
0.0
0.0
0.00929933417228
0.0
0.0
-9.46357930231e-07
0.0
-1.39727160875e-26
0.0
0.0205794099037
0.0
-0.000101261313818
0.0
0.0
-0.000199187263123
0.0
0.0
0.0
-5.9396000121e-07
0.0
0.0
-1.30563764582e-32
0.0
-7.4137802437e-06
0.0
2.63546575752e-06
0.0
-1.41063858031e-61
-1.41063858031e-61
0.0
-3.20854803972e-05
-3.20854803975e-05
0.0
0.0
0.0
0.00068805798386
-3.33328399938e-05
-0.000175981226469
0.0
0.0
0.0
-0.000105793637097
0.00886035009707
0.0
0.0
-7.5799786021e-05
0.0
0.0
0.0
0.0
0.0
0.0
0.0
-3.5355582194e-07
0.0
0.0
0.0
-2.66237135785e-56
0.0
-1.57550150916e-06
-0.000204083413445
0.0
0.0
0.0
0.0
0.0
-2.66237135785e-56
0.0
0.0
0.0
0.0
-0.000605987786282
0.0
0.0
-3.5355582194e-07
0.0
0.0
0.000126148658003
-2.40660175776e-05
-0.000126195648194
0.0
0.0
0.0
0.0
-0.00522979868069
-1.58960191867e-06
-1.53246752194e-06
-0.000287182902261
0.0
-4.17078278203e-06
0.0
0.0
0.0
-0.00157937764121
-7.07111643881e-07
-1.07490413515e-06
0.0
0.0
0.0
0.0
3.54814084517e-28
0.0
0.0
0.0
0.0
0.0
-8.46383148186e-61
0.0
0.0
-7.0867286005e-06
0.0
0.0
0.0
0.0
0.0
0.0
0.0
0.0
0.0
-9.25002362186e-12
-1.30563764582e-32
-3.65107267458e-11
0.0
0.0
0.0
0.000525288334292
0.0
0.0
-9.38154107222e-07
-0.000195414946861
0.0
0.0
0.0
0.0
0.0
0.0
-1.21194488817e-06
-3.5945098903e-08
0.0
0.0
0.0
0.0
0.0
-4.47438423806e-06
0.0
-2.71966016877e-08
-0.00771618095592
-0.048267309366
