0.0
0.0
0.0
0.0
-1.99156536343e-05
0.0
0.0
0.0
0.0
-2.77455396279e-07
4.62188210887e-06
9.0014699502e-07
-6.49646832936e-06
-8.12932422812e-06
-1.10114065058e-05
0.0
0.0
0.0
0.0
0.0
0.0
0.0
0.0
0.0
0.0
0.0
0.0
0.0
0.0
0.0
0.0
0.0
0.0
0.0
0.0
0.0
0.0
0.0
0.0
0.0
0.0
0.0
0.0
0.0
0.0
0.0
-2.22011048724e-06
-9.54593936948e-06
-4.75043924221e-06
-6.47759278969e-06
0.0
0.0
0.0
0.0
0.0
2.01365003399e-06
4.33939525307e-06
-4.39026601702e-06
-9.80153940639e-06
-1.18365026196e-05
0.0
0.0
0.0
0.0
0.0
0.0
0.0
0.0
0.0
0.0
0.0
0.0
0.0
0.0
5.31871696031e-07
0.0
-1.56706398864e-06
-3.9170736195e-06
-9.21503245534e-06
-7.63457411609e-06
0.0
0.0
0.0
0.0
0.0
0.0
0.0
0.0
0.0
0.0
0.0
0.0
0.0
0.0
0.0
0.0
0.0
0.0
0.0
0.0
0.0
0.0
0.0
0.0
-1.22651918806e-07
2.01490151572e-06
2.88014365703e-06
-2.60888131225e-06
-9.08146745538e-06
-1.30827920696e-05
0.0
0.0
0.0
0.0
-2.07618061748e-19
0.0
0.0
0.0
0.0
0.0
1.70881278122e-06
6.51732029114e-07
2.36179273887e-08
-1.03365814185e-05
-1.22907974456e-05
2.8730171848e-06
1.85434684157e-06
-3.64156420882e-06
-8.46903240516e-06
-1.23302185469e-05
0.0
-6.98551055088e-07
-7.27877844117e-07
-9.7754766162e-06
-1.14132385514e-05
0.0
0.0
0.0
0.0
0.0
0.0
0.0
0.0
0.0
0.0
0.0
0.0
0.0
0.0
0.0
6.73703711675e-07
-3.10495961669e-06
-2.96523557334e-06
-5.46796967268e-06
-1.01132662135e-05
0.0
0.0
0.0
0.0
7.98013040755e-07
0.0
0.0
0.0
0.0
0.0
0.0
0.0
-4.55949910915e-06
-3.37429051852e-07
-1.98613938883e-05
0.0
0.0
0.0
0.0
0.0
1.05514535687e-06
1.71376528988e-06
-5.5332418755e-06
-7.63443367888e-06
-1.05096448199e-05
0.0
0.0
0.0
0.0
0.0
2.46136220839e-06
9.95169844638e-07
-1.68384065844e-06
-8.35792466173e-06
-1.33854393788e-05
0.0
0.0
0.0
0.0
0.0
0.0
0.0
0.0
0.0
-5.27844709286e-16
0.0
0.0
0.0
0.0
-1.30000352312e-05
0.0
-9.55257127046e-07
-1.27108524649e-06
-6.97761896111e-06
-1.12535388381e-05
0.0
0.0
0.0
0.0
-1.22562587668e-05
0.0
0.0
0.0
0.0
0.0
0.0
0.0
0.0
0.0
0.0
0.0
0.0
0.0
0.0
0.0
0.0
0.0
0.0
0.0
0.0
0.0
0.0
0.0
0.0
0.0
0.0
0.0
0.0
0.0
0.0
0.0
0.0
0.0
0.0
0.0
0.0
0.0
0.0
0.0
-1.305634252e-05
0.0
0.0
0.0
0.0
0.0
0.0
0.0
0.0
0.0
0.0
0.0
0.0
-3.56368708865e-08
-6.53734827777e-06
-8.19644558732e-06
0.0
0.0
0.0
0.0
0.0
0.0
0.0
0.0
0.0
0.0
2.83260919146e-06
3.28805483577e-06
-6.03227860157e-06
-8.07075193894e-06
-1.25946774124e-05
0.0
1.39977079952e-06
-4.01036851289e-06
-1.33741062399e-05
-1.03583887434e-05
0.0
0.0
0.0
0.0
0.0
0.0
0.0
0.0
0.0
0.0
0.0
0.0
0.0
0.0
0.0
0.0
0.0
0.0
-7.84096122399e-07
-1.3056739699e-05
0.0
0.0
0.0
0.0
-1.16227484441e-05
0.0
0.0
0.0
0.0
0.0
0.0
0.0
0.0
0.0
0.0
0.0
0.0
0.0
0.0
0.0
3.47368802256e-06
2.84547083981e-07
-4.05162054394e-06
-7.73190983867e-06
-1.30371225762e-05
0.0
0.0
0.0
0.0
0.0
0.0
0.0
0.0
0.0
0.0
0.0
0.0
0.0
0.0
0.0
0.0
0.0
-6.9703707646e-06
-6.34090608874e-06
-8.69708589493e-06
0.0
0.0
0.0
0.0
0.0
0.0
0.0
0.0
-5.29529832491e-06
-1.45179574026e-05
0.0
0.0
0.0
0.0
-1.63513237391e-06
2.75550971867e-06
3.45264502776e-07
-1.42157924453e-06
-6.48331190891e-06
-1.51115367023e-05
0.0
0.0
0.0
0.0
0.0
0.0
0.0
0.0
0.0
0.0
0.0
0.0
0.0
0.0
0.0
0.0
0.0
0.0
0.0
0.0
0.0
0.0
0.0
0.0
0.0
0.0
0.0
0.0
0.0
0.0
0.0
0.0
0.0
0.0
3.72699583494e-07
0.0
0.0
0.0
0.0
0.0
0.0
-2.694755039e-06
-2.20412896162e-06
-7.77251253595e-06
-1.1923984061e-05
0.0
0.0
0.0
0.0
0.0
0.0
0.0
-3.77615665862e-06
1.94335878294e-06
-1.99105380514e-05
0.0
0.0
0.0
0.0
0.0
0.0
0.0
-3.91362662167e-06
1.94051886544e-06
-1.99105380514e-05
0.0
0.0
0.0
0.0
0.0
0.0
0.0
-3.77615665862e-06
1.94335878294e-06
-1.99105380514e-05
0.0
0.0
0.0
0.0
0.0
0.0
0.0
0.0
0.0
-2.1779731282e-07
0.0
0.0
0.0
0.0
0.0
0.0
0.0
0.0
0.0
-7.11271508952e-11
0.0
0.0
0.0
0.0
3.75638945802e-07
0.0
0.0
0.0
0.0
0.0
2.27694919342e-06
3.205988897e-07
-1.54047442857e-06
-6.94395113286e-06
-1.37508897902e-05
0.0
0.0
0.0
0.0
0.0
0.0
0.0
0.0
0.0
3.63554079095e-07
7.69899833325e-07
-1.09957760031e-07
-6.2316291063e-06
-7.99810203275e-06
-6.07493452473e-06
0.0
0.0
0.0
0.0
0.0
0.0
0.0
0.0
0.0
0.0
0.0
0.0
0.0
0.0
0.0
0.0
0.0
0.0
0.0
0.0
0.0
0.0
-4.1668964189e-07
-9.55398710735e-06
-1.09845229764e-05
0.0
0.0
0.0
0.0
-2.26723481612e-08
0.0
0.0
0.0
0.0
0.0
0.0
-1.16788470714e-06
-8.1304188278e-06
-6.43605179018e-06
-7.79461164119e-06
0.0
-1.43086640351e-06
-6.60110039264e-06
-5.58865942367e-06
-9.87158940218e-06
1.71099595654e-06
1.57474182256e-06
9.42253248039e-07
-9.48784846596e-06
-1.48944726157e-05
4.75859589475e-06
1.57779245118e-06
-4.63679120572e-06
-8.49597968642e-06
-1.26560036486e-05
0.0
0.0
0.0
0.0
0.0
1.8916300694e-06
9.91256851564e-07
-2.41054098052e-06
-5.68747496599e-06
-1.48532937533e-05
0.0
0.0
0.0
0.0
0.0
0.0
0.0
0.0
0.0
0.0
0.0
0.0
0.0
0.0
0.0
0.0
0.0
0.0
0.0
0.0
0.0
0.0
0.0
0.0
-4.32219338065e-08
0.0
0.0
0.0
0.0
-4.32219338065e-08
0.0
0.0
0.0
0.0
0.0
0.0
0.0
0.0
0.0
-3.11447459526e-08
0.0
0.0
0.0
0.0
0.0
0.0
0.0
0.0
0.0
0.0
0.0
0.0
0.0
0.0
0.0
0.0
0.0
0.0
0.0
0.0
0.0
0.0
0.0
0.0
0.0
1.6721620064e-06
6.58556934615e-07
-2.53656260467e-06
-6.70815812615e-06
-1.30016518445e-05
0.0
0.0
0.0
0.0
0.0
0.0
0.0
0.0
0.0
0.0
0.0
0.0
0.0
0.0
0.0
0.0
0.0
0.0
0.0
0.0
0.0
0.0
0.0
0.0
0.0
0.0
0.0
0.0
0.0
0.0
0.0
0.0
0.0
0.0
0.0
0.0
0.0
0.0
0.0
0.0
0.0
0.0
0.0
0.0
2.99857703514e-07
0.0
0.0
0.0
0.0
0.0
0.0
0.0
0.0
0.0
0.0
0.0
0.0
0.0
0.0
0.0
0.0
0.0
0.0
0.0
-8.33363303704e-28
0.0
0.0
0.0
0.0
0.0
0.0
0.0
0.0
0.0
-1.7965865333e-05
0.0
0.0
0.0
0.0
0.0
0.0
0.0
0.0
0.0
0.0
0.0
0.0
2.22953349929e-08
-1.17807270694e-06
-1.57211268228e-05
0.0
0.0
0.0
0.0
0.0
0.0
0.0
0.0
0.0
0.0
0.0
0.0
0.0
0.0
0.0
0.0
-1.97511402803e-09
3.38822496807e-07
-9.76454411288e-06
-1.36726813373e-05
0.0
0.0
0.0
0.0
0.0
0.0
0.0
0.0
0.0
0.0
0.0
8.77093524465e-07
-4.88881953635e-06
-9.8379488141e-06
-9.79952034203e-06
2.70150723894e-06
1.44604080407e-06
-2.63111848965e-06
-7.53152358734e-06
-1.3660168722e-05
0.0
0.0
0.0
0.0
0.0
0.0
0.0
0.0
0.0
0.0
0.0
0.0
0.0
0.0
0.0
0.0
2.61907953533e-06
-4.35655189345e-06
-1.17061140061e-05
-1.01400223168e-05
0.0
0.0
0.0
0.0
0.0
0.0
0.0
0.0
0.0
-7.11098005404e-11
0.0
0.0
0.0
0.0
0.0
0.0
0.0
0.0
0.0
-3.05933285773e-14
0.0
0.0
0.0
0.0
0.0
0.0
0.0
0.0
0.0
0.0
3.411875181e-06
1.03318348592e-06
-2.66925843542e-06
-8.42068179191e-06
-1.30303819914e-05
0.0
0.0
0.0
0.0
0.0
0.0
0.0
0.0
0.0
0.0
0.0
0.0
0.0
0.0
0.0
3.73485923469e-06
7.8102661808e-07
-5.02617674169e-06
-8.91311739165e-06
-1.02518544754e-05
0.0
0.0
0.0
0.0
0.0
0.0
0.0
0.0
0.0
0.0
0.0
0.0
0.0
0.0
0.0
0.0
0.0
0.0
0.0
0.0
0.0
0.0
0.0
0.0
0.0
0.0
0.0
0.0
0.0
0.0
0.0
0.0
0.0
0.0
0.0
0.0
0.0
0.0
0.0
0.0
0.0
0.0
0.0
0.0
-1.45466480974e-05
0.0
0.0
0.0
0.0
-3.05933285773e-14
0.0
0.0
0.0
0.0
0.0
2.67631066142e-06
7.1759559131e-07
-1.61788813634e-06
-1.02277999827e-05
-1.18613083249e-05
0.0
0.0
0.0
0.0
0.0
1.75699055679e-06
1.5830789476e-06
-5.14741370512e-06
-8.34311450007e-06
-9.48346924077e-06
0.0
0.0
0.0
0.0
0.0
0.0
0.0
0.0
0.0
0.0
0.0
0.0
0.0
0.0
0.0
0.0
0.0
0.0
0.0
0.0
0.0
0.0
0.0
0.0
0.0
0.0
0.0
0.0
0.0
0.0
0.0
0.0
0.0
0.0
0.0
5.19115803512e-06
7.59918902062e-07
-3.83092343149e-06
-7.9873226194e-06
-1.38539913753e-05
0.0
0.0
0.0
0.0
0.0
0.0
0.0
0.0
0.0
0.0
0.0
0.0
0.0
0.0
0.0
0.0
0.0
0.0
0.0
0.0
0.0
0.0
0.0
0.0
0.0
0.0
-7.09854012985e-07
-4.74181989289e-06
-1.36996811173e-05
-6.2233536005e-06
0.0
0.0
0.0
0.0
0.0
0.0
0.0
0.0
0.0
0.0
0.0
0.0
-8.08439831865e-06
-9.47309100396e-06
-5.55193224526e-06
0.0
0.0
0.0
0.0
0.0
2.3059895434e-06
2.12166758538e-07
-1.57792924731e-07
-9.64907114674e-06
-1.26772472094e-05
1.01547100863e-06
1.81184834787e-07
-3.70589306698e-06
-6.54579859487e-06
-1.0864826825e-05
0.0
0.0
0.0
0.0
0.0
0.0
0.0
0.0
0.0
0.0
0.0
0.0
0.0
0.0
0.0
0.0
0.0
0.0
0.0
0.0
0.0
0.0
0.0
0.0
0.0
0.0
0.0
0.0
0.0
0.0
0.0
0.0
0.0
0.0
0.0
0.0
0.0
0.0
0.0
-1.15169103021e-16
0.0
0.0
0.0
0.0
0.0
0.0
0.0
-5.57353404365e-06
-8.90728071093e-06
-1.25726492435e-05
0.0
0.0
0.0
0.0
0.0
0.0
0.0
0.0
0.0
0.0
0.0
0.0
0.0
0.0
0.0
2.65256458861e-06
2.11029289997e-06
-3.34944115622e-06
-8.58002852805e-06
-1.284459292e-05
0.0
0.0
0.0
0.0
0.0
0.0
0.0
0.0
0.0
0.0
0.0
0.0
0.0
0.0
-2.38400348602e-05
0.0
0.0
0.0
0.0
0.0
0.0
0.0
0.0
0.0
-9.87452864984e-11
0.0
0.0
0.0
0.0
0.0
-9.56485689544e-07
-3.81666698031e-06
-3.41456462652e-06
-3.04668554226e-06
-9.64238587136e-06
0.0
0.0
0.0
0.0
0.0
0.0
0.0
2.35594117103e-06
-1.01875995084e-05
-1.20839952969e-05
0.0
0.0
0.0
0.0
0.0
0.0
0.0
0.0
0.0
0.0
0.0
-2.77213339931e-08
-5.06092218344e-06
-8.33267870685e-06
-9.90076091269e-06
0.0
0.0
0.0
0.0
0.0
0.0
0.0
0.0
0.0
0.0
0.0
0.0
0.0
0.0
0.0
0.0
0.0
0.0
0.0
-8.89058384032e-07
0.0
0.0
0.0
0.0
0.0
0.0
0.0
0.0
0.0
0.0
0.0
0.0
0.0
0.0
-1.10324189109e-07
0.0
0.0
0.0
0.0
0.0
0.0
0.0
0.0
-1.43797958757e-06
-9.25572111308e-06
0.0
0.0
0.0
0.0
0.0
0.0
0.0
0.0
-9.78652022379e-06
-1.01291334105e-05
0.0
0.0
0.0
0.0
0.0
0.0
0.0
0.0
0.0
-5.75409394301e-25
0.0
0.0
0.0
0.0
-5.75409394301e-25
0.0
0.0
0.0
0.0
0.0
0.0
0.0
0.0
-1.20806262357e-06
-9.16726099876e-06
0.0
0.0
0.0
-1.20806262357e-06
-9.16726099876e-06
0.0
0.0
0.0
0.0
0.0
0.0
0.0
0.0
0.0
0.0
0.0
0.0
0.0
0.0
0.0
1.12745376433e-06
-1.00581782175e-06
-5.94685363456e-06
-7.20970822372e-06
-6.60979766985e-06
0.0
2.41309851129e-06
-5.10910598451e-06
-9.63513881338e-06
-8.79290111916e-06
0.0
0.0
0.0
-2.75854980929e-06
-1.00995791479e-05
0.0
0.0
0.0
0.0
0.0
0.0
0.0
0.0
0.0
0.0
0.0
0.0
0.0
0.0
0.0
0.0
0.0
-2.03336973938e-06
-1.02873311768e-05
-1.20698134072e-05
-6.64898764311e-07
-3.54442911185e-06
-7.20057654026e-06
-4.24889175706e-06
-5.04388517436e-06
0.0
0.0
0.0
0.0
0.0
0.0
0.0
0.0
0.0
0.0
2.31277779935e-06
3.74860347356e-07
6.43609902243e-08
-1.05510225042e-05
-1.2029365572e-05
0.0
0.0
0.0
0.0
0.0
0.0
0.0
0.0
0.0
0.0
0.0
0.0
0.0
0.0
0.0
0.0
0.0
0.0
0.0
0.0
0.0
0.0
0.0
0.0
0.0
0.0
0.0
0.0
0.0
0.0
0.0
0.0
0.0
0.0
0.0
0.0
0.0
0.0
0.0
-7.86815170619e-31
0.0
0.0
0.0
0.0
0.0
0.0
0.0
0.0
0.0
0.0
0.0
0.0
0.0
0.0
0.0
0.0
0.0
0.0
0.0
-5.42274570208e-30
0.0
0.0
0.0
0.0
0.0
0.0
0.0
0.0
0.0
-1.45363134599e-05
0.0
-7.72571882776e-07
-1.90204673819e-06
-7.66658606572e-06
-1.46921117821e-05
0.0
0.0
0.0
0.0
0.0
0.0
0.0
0.0
0.0
0.0
0.0
0.0
0.0
0.0
0.0
0.0
0.0
0.0
0.0
0.0
0.0
0.0
0.0
0.0
0.0
0.0
0.0
0.0
0.0
-5.42274570208e-30
0.0
0.0
0.0
0.0
0.0
0.0
0.0
0.0
0.0
0.0
0.0
0.0
0.0
0.0
0.0
0.0
0.0
0.0
0.0
0.0
0.0
-7.89405537956e-07
3.66116862428e-07
-9.42581123622e-06
-1.29065063052e-05
0.0
0.0
0.0
0.0
0.0
0.0
0.0
0.0
0.0
0.0
0.0
0.0
0.0
0.0
-7.86815170619e-31
0.0
0.0
0.0
0.0
0.0
0.0
0.0
0.0
0.0
0.0
0.0
0.0
0.0
0.0
7.42453213321e-07
0.0
0.0
-5.50836445679e-07
-8.89117053567e-06
-8.69644078252e-06
1.91056303774e-06
3.89818637051e-07
-1.10947803571e-06
-9.06751389352e-06
-1.21352605492e-05
0.0
0.0
0.0
0.0
0.0
0.0
0.0
0.0
0.0
0.0
0.0
0.0
0.0
0.0
0.0
0.0
0.0
0.0
0.0
0.0
1.29210736259e-06
7.83029942993e-07
-4.0193854688e-06
-6.42385638848e-06
-1.2119117371e-05
0.0
0.0
0.0
0.0
-2.20895574751e-07
0.0
0.0
0.0
0.0
-2.55122656588e-08
0.0
-7.73716825832e-07
-2.46568906088e-06
-8.13125546344e-06
-1.14402328777e-05
0.0
0.0
0.0
0.0
0.0
0.0
0.0
-3.09554061365e-06
5.38943646742e-07
-1.99112630829e-05
0.0
0.0
0.0
0.0
0.0
0.0
0.0
0.0
0.0
0.0
0.0
0.0
0.0
0.0
0.0
2.08193306246e-06
1.44220154587e-06
-6.12361640244e-06
-7.24376666003e-06
-9.57177184404e-06
0.0
0.0
0.0
0.0
-7.86815170619e-31
0.0
0.0
0.0
-1.09311605061e-05
-9.23149674515e-06
0.0
0.0
0.0
0.0
0.0
0.0
0.0
0.0
0.0
0.0
0.0
0.0
0.0
0.0
0.0
0.0
0.0
0.0
0.0
0.0
0.0
0.0
0.0
0.0
8.8529265578e-15
0.0
0.0
0.0
0.0
0.0
0.0
0.0
0.0
0.0
0.0
0.0
0.0
0.0
0.0
0.0
0.0
0.0
0.0
0.0
0.0
0.0
0.0
0.0
0.0
0.0
0.0
0.0
0.0
0.0
-5.75409394301e-25
0.0
0.0
0.0
0.0
0.0
0.0
0.0
0.0
0.0
0.0
0.0
0.0
0.0
-1.36047147015e-06
-9.04667825019e-06
0.0
0.0
0.0
0.0
0.0
0.0
0.0
0.0
0.0
0.0
0.0
0.0
0.0
0.0
0.0
0.0
0.0
0.0
0.0
0.0
0.0
0.0
0.0
0.0
0.0
0.0
0.0
0.0
0.0
0.0
0.0
0.0
0.0
0.0
0.0
0.0
0.0
0.0
0.0
0.0
0.0
0.0
0.0
0.0
0.0
0.0
0.0
0.0
0.0
-8.9946397504e-37
0.0
0.0
0.0
0.0
-2.83991749765e-09
0.0
0.0
0.0
0.0
-1.73503547681e-14
0.0
0.0
0.0
0.0
0.0
0.0
0.0
0.0
0.0
0.0
0.0
0.0
0.0
0.0
0.0
0.0
0.0
-3.6149803985e-08
-6.53734827777e-06
-8.19644558732e-06
0.0
0.0
0.0
0.0
0.0
0.0
0.0
0.0
0.0
0.0
0.0
0.0
0.0
0.0
-4.70085923405e-06
0.0
6.83792030653e-07
-8.65407552962e-06
-6.85391560371e-06
-1.09339787521e-05
0.0
0.0
0.0
0.0
0.0
0.0
0.0
0.0
0.0
0.0
0.0
0.0
0.0
0.0
0.0
0.0
0.0
0.0
0.0
0.0
0.0
0.0
0.0
0.0
0.0
0.0
0.0
0.0
0.0
0.0
0.0
0.0
0.0
0.0
-6.85686902621e-07
0.0
0.0
0.0
0.0
-7.87285203114e-31
0.0
0.0
0.0
0.0
0.0
0.0
0.0
0.0
0.0
0.0
0.0
0.0
0.0
0.0
0.0
0.0
0.0
0.0
0.0
0.0
0.0
0.0
0.0
0.0
0.0
0.0
0.0
0.0
0.0
-1.24749893302e-05
0.0
0.0
0.0
0.0
0.0
0.0
0.0
0.0
0.0
-5.75416111894e-25
2.48845890709e-06
1.65445096764e-06
-1.61141517665e-06
-9.85453839824e-06
-1.27011150187e-05
2.50585751303e-06
-1.64958026381e-07
-2.8453937518e-06
-9.23259505935e-06
-9.826706494e-06
