32.0
7.62939453125e-06
9.7757963632e-150
1.0
1.0
1.0
1.0
1.0
1.0
5.1752635033e-172
1.0
3.52210182868e-133
1.0
1.0
32.0
1.26897091866e-116
1.0
1.0
1.0
1.0
0.25
2.85746847821e-101
1.0
1.0
9.68147978712e-122
1.80331613629e-130
6.109872727e-151
1.0
1.0
1.0
1.28688939737e-85
16.0
1.0
9.24259520443e-274
1.0
9.36335270938e-97
1.0
8.51591968002e-109
1.0
1.0
2.35343736826e-184
1.76868732008e-74
1.97420635349e-177
1.0
1.0
1.0
1.0
1.0
1.0
1.0
1.97420635349e-177
1.0
1.0
6.71787610757e-139
1.0
1.0
1.00104154759e-146
2.18234609041e-252
1.0
1.0
1.0
1.36988084313e-194
3.47306054607e-164
1.0
1.0
1.0
1.82088396758e-158
1.0
1.0
1.0
3.12825483622e-148
1.0
1.12824648492e-277
1.69406589451e-21
9.91383530201e-119
1.0
1.0
1.0
1.0
1.0
1.0
0.00390625
1.0
5.10320381496e-203
1.0
2.13119735391e-255
1.0
1.06559867696e-255
1.0
4.26239470782e-255
1.0
1.0
1.0
0.5
0.125
1.0
2.34083817735e-97
1.0
0.0625
7.41841230137e-68
1.0
1.0
1.0
1.0
9.82841303955e-237
0.125
1.0
7.89682541397e-177
3.15873016559e-176
3.78182804185e-124
2.27610495947e-159
1.0
7.49068216751e-96
1.0
1.0
1.0
1.0
0.03125
0.03125
1.0
0.25
1.0
1.0
1.0
1.0
1.0
5.85209544337e-98
1.0
1.0
1.0
1.0
1.0
1.0
1.0
1.0
4.0
1.0
1.0
1.0
0.5
1.0
2.0128589905e-233
1.0
1.0
8.28042160528e-171
1.0
1.0
1.0
1.21669860243e-209
1.0
1.0
4.8878981816e-150
1.44265290903e-129
1.0
1.0
1.0
1.00104154759e-146
1.0
1.0
1.0
0.25
1.0
1.0
1.11137937474e-162
1.0
1.0
1.0
8.59888141769e-137
1.0
1.0
1.0
1.0
1.0
1.0
1.0
1.0
4.18054456522e-199
0.25
1.0
1.95515927264e-149
1.0
4.36015087617e-106
1.0
1.0
1.0
1.0
1.0
1.0
1.0
8.89103499794e-162
1.0
1.0
1.0
1.0
1.0
2.20360641585e-280
1.0
1.0
3.01239983138e-182
1.0
1.64010647157e-142
2.07908195313e-112
1.0
1.0
1.0
1.0
1.0
1.0
1.0
0.5
1.0
7.75325080726e-267
1.0
1.0
1.0
7.7451838297e-121
1.0
1.0
3.20666937601e-291
1.0
0.5
1.0
4.86173068583e-63
1.0
32.0
1.0
1.0
9.50545783148e-212
1.0
1.0
1.0
1.81898940355e-12
1.0
1.0
0.25
1.0
9.01658068143e-131
1.0
32.0
1.0
0.5
0.5
1.0
2.25414517036e-131
1.12707258518e-131
1.0
1.0
1.0
2.82989971213e-73
4.31808427755e-78
6.84940421565e-195
1.0
1.0
1.0
1.52905911256e-297
2.82989971213e-73
1.0
1.0
7.7451838297e-121
1.0
1.0
1.0
1.0
1.0
1.0
1.0
0.5
1.0
1.0
1.0
1.0
1.0
8.36108913043e-199
1.74587687232e-251
1.0
1.0
1.0
1.0
1.0
1.0
1.0
1.0
1.0
1.0
8.68265136518e-165
1.0
1.0
0.5
1.0
1.0
0.25
7.78687105554e-208
5.07588367463e-116
1.0
1.0
1.0
1.0
7.21326454515e-130
0.00390625
0.03125
3.64176793516e-158
1.0
8.12987271848e-261
1.0
1.0
1.0
8.72030175234e-106
0.5
2.99939362779e-241
1.0
1.0
1.0
1.0
2.0
1.0
1.0
1.0
1.0
1.0
0.5
1.0
1.0
7.21326454515e-130
1.0
1.0
1.0
1.0
1.0
1.0
1.0
1.0
1.0
0.5
0.25
0.5
1.0
1.0
1.0
3.35893805378e-139
1.0
1.0
1.94469227433e-62
1.30642017663e-200
1.0
1.0
1.0
1.0
1.0
1.0
1.86264514923e-09
0.5
1.0
1.0
1.0
1.0
1.0
3.01239983138e-182
1.0
0.25
3.09807353188e-120
9.14389913026e-100
