16.0
0.001953125
1.85460307534e-68
1.0
1.0
1.0
1.0
1.0
1.0
6.68887130435e-198
1.0
1.07952106939e-78
1.0
1.0
16.0
1.07486017721e-137
1.0
1.0
1.0
1.0
0.25
1.89911354915e-65
0.5
1.0
3.34095588762e-52
1.5709099089e-89
1.20495993255e-181
1.0
1.0
1.0
1.76868732008e-74
4.0
1.0
4.89298916018e-296
1.0
1.25672792712e-88
1.0
9.72346137166e-63
1.0
0.5
1.30642017663e-200
3.92727477224e-90
3.59106043742e-189
1.0
1.0
1.0
1.0
1.0
1.0
1.0
3.50689495841e-192
1.0
1.0
1.52746818175e-151
1.0
1.0
6.43444698684e-86
3.61038875173e-276
1.0
1.0
1.0
1.94671776389e-208
3.01239983138e-182
1.0
1.0
1.0
6.74700668367e-80
1.0
1.0
1.0
8.68265136518e-165
1.0
2.56533550081e-290
3.23117426779e-27
2.96736492055e-67
1.0
1.0
1.0
1.0
1.0
1.0
0.00048828125
1.0
1.6259745437e-260
1.0
4.51298593966e-277
1.0
1.41030810614e-278
1.0
9.02597187932e-277
1.0
0.5
1.0
0.125
0.25
1.0
2.76357393763e-76
1.0
0.125
3.85185988877e-34
1.0
1.0
1.0
1.0
3.25194908739e-260
0.03125
1.0
3.04174650607e-210
9.73358881943e-209
1.59309191113e-58
2.80259692865e-45
1.0
3.18618382226e-58
1.0
1.0
1.0
1.0
0.0625
0.0625
1.0
0.5
1.0
1.0
1.0
1.0
1.0
6.43444698684e-86
1.0
1.0
1.0
1.0
1.0
1.0
1.0
1.0
2.0
1.0
1.0
1.0
1.0
1.0
9.59805960893e-240
1.0
1.0
2.80551596673e-191
1.0
1.0
1.0
3.78576699573e-270
1.0
1.0
1.32486745684e-169
6.07716335729e-64
1.0
1.0
1.0
2.58763175165e-172
1.0
1.0
1.0
0.0625
1.0
1.0
6.22301527786e-61
1.0
1.0
1.0
1.28688939737e-85
1.0
1.0
1.0
1.0
1.0
1.0
1.0
1.0
4.75272891574e-212
0.0625
1.0
4.97841222229e-60
1.0
6.84227765784e-49
1.0
1.0
1.0
1.0
1.0
1.0
1.0
3.92727477224e-90
1.0
1.0
1.0
1.0
1.0
8.90029543403e-308
1.0
1.0
7.60436626518e-211
1.0
2.82989971213e-73
1.06910588404e-50
1.0
1.0
1.0
1.0
1.0
1.0
1.0
0.5
1.0
5.13067100162e-290
1.0
1.0
1.0
3.06818341581e-92
1.0
1.0
3.31561842338e-316
1.0
0.25
1.0
1.3177747429e-82
1.0
16.0
1.0
1.0
5.85819067928e-244
1.0
1.0
1.0
2.27373675443e-13
1.0
1.0
0.125
1.0
4.8878981816e-150
1.0
16.0
1.0
1.0
1.0
1.0
2.98333629248e-154
1.49166814624e-154
1.0
1.0
1.0
2.29588740395e-41
6.28363963558e-89
9.73358881943e-209
1.0
1.0
1.0
6.32404026677e-322
1.38178696882e-76
1.0
1.0
2.2108591501e-75
1.0
1.0
1.0
1.0
1.0
1.0
1.0
1.0
1.0
1.0
1.0
0.5
1.0
4.75272891574e-212
7.39407616354e-273
1.0
1.0
1.0
1.0
1.0
0.5
1.0
1.0
1.0
1.0
2.14043881739e-196
1.0
1.0
1.0
1.0
1.0
16.0
1.47881523271e-272
2.2108591501e-75
1.0
1.0
1.0
1.0
7.41841230137e-68
0.00048828125
0.001953125
3.67724588791e-186
1.0
6.88627004953e-282
1.0
1.0
1.0
2.03915764625e-56
1.0
1.55065016145e-266
1.0
1.0
1.0
1.0
4.0
1.0
1.0
1.0
1.0
1.0
1.0
1.0
1.0
9.7757963632e-150
1.0
1.0
1.0
1.0
1.0
1.0
1.0
1.0
1.0
0.5
0.0625
0.5
1.0
1.0
1.0
7.63734090875e-152
1.0
1.0
1.85460307534e-68
5.53290466282e-222
1.0
1.0
1.0
1.0
1.0
1.0
4.65661287308e-10
0.5
1.0
1.0
1.0
1.0
1.0
1.67221782609e-198
1.0
1.0
1.4981364335e-95
2.01076468339e-87
