16.0
0.0009765625
1.42108547152e-14
1.0
1.0
1.0
1.0
1.0
1.0
2.56266636183e-144
1.0
3.30872245021e-24
1.0
1.0
2.0
9.14389913026e-100
1.0
1.0
1.0
1.0
0.125
1.38777878078e-17
0.5
1.0
2.29588740395e-41
8.75811540203e-47
1.51273121674e-123
1.0
1.0
1.0
2.86985925494e-42
8.0
1.0
1.35080680245e-225
1.0
3.34095588762e-52
1.0
4.23516473627e-22
1.0
0.5
3.20333295229e-145
2.08809742976e-53
8.59888141769e-137
1.0
1.0
1.0
1.0
1.0
1.0
1.0
3.43955256707e-136
1.0
1.0
6.05092486695e-123
1.0
1.0
2.80259692865e-45
2.43339720486e-209
1.0
1.0
1.0
6.109872727e-151
7.56365608369e-124
1.0
1.0
1.0
3.58732406867e-43
1.0
1.0
1.0
9.68147978712e-122
1.0
7.08211796841e-220
3.38813178902e-21
1.38777878078e-17
1.0
1.0
1.0
1.0
1.0
1.0
0.000244140625
1.0
5.42665710324e-166
1.0
5.10320381496e-203
1.0
3.18950238435e-204
1.0
1.02064076299e-202
1.0
1.0
1.0
0.25
0.03125
1.0
1.38777878078e-17
1.0
0.015625
1.86264514923e-09
1.0
1.0
1.0
1.0
5.74569669986e-188
0.03125
1.0
2.00208309518e-146
1.28133318092e-144
9.62964972194e-35
5.42101086243e-20
1.0
1.08420217249e-19
1.0
1.0
1.0
1.0
0.0625
0.0625
1.0
0.5
1.0
1.0
1.0
1.0
1.0
2.71050543121e-20
1.0
1.0
1.0
1.0
1.0
1.0
1.0
1.0
0.5
1.0
1.0
1.0
0.5
1.0
1.92793589208e-180
1.0
1.0
8.80525457171e-134
1.0
1.0
1.0
1.73653027304e-164
1.0
1.0
7.04420365737e-133
2.22044604925e-16
1.0
1.0
1.0
1.54903676594e-120
1.0
1.0
1.0
1.0
1.0
1.0
6.93889390391e-18
1.0
1.0
1.0
6.77626357803e-21
1.0
1.0
1.0
1.0
1.0
1.0
1.0
1.0
7.28353587031e-158
1.0
1.0
3.38813178902e-21
1.0
1.38777878078e-17
1.0
1.0
1.0
1.0
1.0
1.0
1.0
8.35238971904e-53
1.0
1.0
1.0
1.0
1.0
1.25803686906e-234
1.0
1.0
1.49166814624e-154
1.0
7.00649232162e-46
2.71050543121e-20
1.0
1.0
1.0
1.0
1.0
1.0
1.0
0.5
1.0
3.45806541426e-223
1.0
1.0
1.0
5.29395592034e-23
1.0
1.0
3.93136521582e-236
1.0
1.0
1.0
2.24207754292e-44
1.0
16.0
1.0
1.0
9.41374947306e-184
1.0
1.0
1.0
2.27373675443e-13
1.0
1.0
0.125
1.0
1.24460305557e-60
1.0
16.0
1.0
1.0
1.0
1.0
3.88938454866e-62
1.94469227433e-62
1.0
1.0
1.0
1.13686837722e-13
1.59309191113e-58
1.26349206624e-175
1.0
1.0
1.0
2.99939362779e-241
1.631326117e-55
1.0
1.0
7.00649232162e-46
1.0
1.0
1.0
1.0
1.0
1.0
1.0
0.5
1.0
1.0
1.0
1.0
1.0
7.28353587031e-158
7.42613893084e-214
1.0
1.0
1.0
1.0
1.0
1.0
1.0
1.0
1.0
1.0
1.10065682146e-134
1.0
1.0
0.5
1.0
1.0
4.0
1.25130193449e-147
2.13821176807e-50
1.0
1.0
1.0
1.0
5.68434188608e-14
0.00390625
0.001953125
1.40884073147e-132
1.0
3.89343552777e-208
1.0
1.0
1.0
1.16415321827e-10
0.5
9.50545783148e-212
1.0
1.0
1.0
1.0
2.0
1.0
1.0
1.0
1.0
1.0
1.0
1.0
1.0
3.98272977783e-59
1.0
1.0
1.0
1.0
1.0
1.0
1.0
1.0
1.0
0.5
0.0625
0.5
1.0
1.0
1.0
7.56365608369e-124
1.0
1.0
5.47382212627e-48
1.26349206624e-175
1.0
1.0
1.0
1.0
1.0
1.0
1.49011611938e-08
0.5
1.0
1.0
1.0
1.0
1.0
5.37430088605e-138
1.0
0.5
8.27180612553e-25
1.40129846432e-45
