2.0
7.62939453125e-06
1.69406589451e-21
1.0
1.0
1.0
1.0
1.0
1.0
3.62604439982e-217
1.0
2.98023223877e-08
1.0
1.0
4.0
7.63734090875e-152
1.0
1.0
1.0
1.0
0.0625
5.68434188608e-14
0.25
1.0
1.27447352891e-57
0.125
2.14043881739e-196
1.0
1.0
1.0
1.18694596822e-66
0.0625
1.0
2.52961610671e-321
1.0
2.69880267347e-79
1.0
1.38777878078e-17
1.0
1.0
2.09027228261e-199
1.74406035047e-105
1.47089835517e-185
1.0
1.0
1.0
1.0
1.0
1.0
1.0
5.61103193346e-191
1.0
1.0
6.31746033118e-176
1.0
1.0
5.9347298411e-67
1.45822440391e-303
1.0
1.0
1.0
1.94671776389e-208
1.54234871367e-179
1.0
1.0
1.0
4.63650768836e-69
1.0
1.0
1.0
7.35449177583e-186
1.0
2.33315904626e-302
2.52435489671e-29
6.103515625e-05
1.0
1.0
1.0
1.0
1.0
1.0
7.62939453125e-06
1.0
1.70495788313e-254
1.0
1.52905911256e-297
1.0
2.38915486337e-299
1.0
3.05811822511e-297
1.0
1.0
1.0
0.125
0.00390625
1.0
8.881784197e-16
1.0
0.00390625
1.0
1.0
1.0
1.0
1.0
2.20360641585e-280
0.0625
1.0
5.40322720978e-225
3.45806541426e-223
3.7982270983e-65
3.38813178902e-21
1.0
3.5527136788e-15
1.0
1.0
1.0
1.0
0.0625
0.125
1.0
0.25
1.0
1.0
1.0
1.0
1.0
1.45519152284e-11
1.0
1.0
1.0
1.0
1.0
1.0
1.0
1.0
1.0
1.0
1.0
1.0
1.0
1.0
2.42289087727e-268
1.0
1.0
1.21669860243e-209
1.0
1.0
1.0
1.98483220666e-264
1.0
1.0
4.59655735989e-187
1.0
1.0
1.0
1.0
7.35449177583e-186
1.0
0.5
1.0
0.03125
1.0
1.0
1.0
1.0
1.0
1.0
1.42108547152e-14
1.0
1.0
1.0
1.0
1.0
1.0
1.0
1.0
7.60436626518e-211
0.03125
1.0
6.77626357803e-21
1.0
5.04870979341e-29
1.0
1.0
1.0
1.0
1.0
1.0
1.0
0.03125
1.0
1.0
1.0
1.0
1.0
0.0
1.0
1.0
5.40322720978e-225
1.0
5.27109897162e-82
6.01853107621e-36
1.0
1.0
1.0
1.0
1.0
1.0
1.0
0.5
1.0
5.30498947741e-315
1.0
1.0
1.0
2.11758236814e-22
1.0
1.0
0.0
1.0
0.5
1.0
1.48368246027e-67
1.0
2.0
1.0
1.0
3.96966441332e-264
1.0
1.0
1.0
2.22044604925e-16
1.0
1.0
0.125
1.0
8.31632781252e-112
1.0
2.0
1.0
0.5
0.5
1.0
1.01517673493e-115
1.01517673493e-115
1.0
1.0
1.0
1.86264514923e-09
4.36015087617e-106
1.35080680245e-225
1.0
1.0
1.0
0.0
3.92727477224e-90
1.0
1.0
2.05902303579e-84
1.0
1.0
1.0
1.0
1.0
1.0
1.0
0.5
1.0
1.0
1.0
1.0
1.0
1.52087325304e-210
3.82264778139e-298
1.0
1.0
1.0
1.0
1.0
1.0
1.0
1.0
1.0
1.0
9.73358881943e-209
1.0
1.0
0.5
1.0
1.0
0.5
1.64893408502e-229
2.57377879473e-85
1.0
1.0
1.0
1.0
2.71050543121e-20
0.0009765625
0.00390625
8.16512610394e-202
1.0
1.45822440391e-303
1.0
1.0
1.0
8.47032947254e-22
0.5
2.20360641585e-280
1.0
1.0
1.0
1.0
2.0
1.0
1.0
1.0
1.0
1.0
0.5
1.0
1.0
1.33061245e-110
1.0
1.0
1.0
1.0
1.0
1.0
1.0
1.0
1.0
0.5
0.0625
0.5
1.0
1.0
1.0
7.89682541397e-177
1.0
1.0
1.89911354915e-65
2.79340299572e-250
1.0
1.0
1.0
1.0
1.0
1.0
1.81898940355e-12
0.25
1.0
1.0
1.0
1.0
1.0
1.0702194087e-196
1.0
0.25
3.38813178902e-21
0.25
