31.96875
-2047.99951172
16383.999939
0.0
0.0
0.0
0.0
0.0
0.0
8191.99987793
0.0
-8191.99987793
0.0
0.0
2047.99951172
524287.999998
0.0
0.0
0.0
0.0
-31.96875
255.99609375
-3.75
0.0
-8191.99987793
0.0
33554432.0
0.0
0.0
0.0
-7.875
4194304.0
0.0
-4194304.0
0.0
-32767.9999695
0.0
-1.5
0.0
0.0
0.0
16383.999939
63.984375
0.0
0.0
0.0
0.0
0.0
0.0
0.0
15.9375
0.0
0.0
-262143.999996
0.0
0.0
1023.99902344
-524287.999998
0.0
0.0
0.0
-2047.99951172
16777216.0
0.0
0.0
0.0
32767.9999695
0.0
0.0
0.0
-262143.999996
0.0
-16777216.0
-131071.999992
127.9921875
0.0
0.0
0.0
0.0
0.0
0.0
-8388608.0
0.0
-16777216.0
0.0
-15.9375
0.0
-63.984375
0.0
-7.875
0.0
0.0
0.0
-3.75
-32767.9999695
0.0
-15.9375
0.0
-65535.9999847
33554432.0
0.0
0.0
0.0
0.0
16777216.0
-1023.99902344
0.0
3.75
-1.5
2047.99951172
1048576.0
0.0
63.984375
0.0
0.0
0.0
0.0
-7.875
-3.75
0.0
-3.75
0.0
0.0
0.0
0.0
0.0
-63.984375
0.0
0.0
0.0
0.0
0.0
0.0
0.0
0.0
31.96875
0.0
0.0
0.0
0.0
0.0
-63.984375
0.0
0.0
33554432.0
0.0
0.0
0.0
3.75
0.0
0.0
-8388608.0
32767.9999695
0.0
0.0
0.0
-3.75
0.0
0.0
0.0
0.0
0.0
0.0
1.5
0.0
0.0
0.0
1.5
0.0
0.0
0.0
0.0
0.0
0.0
0.0
0.0
-67108864.0
0.0
0.0
7.875
0.0
65535.9999847
0.0
0.0
0.0
0.0
0.0
0.0
0.0
-63.984375
0.0
0.0
0.0
0.0
0.0
-33554432.0
0.0
0.0
-131071.999992
0.0
-7.875
0.0
0.0
0.0
0.0
0.0
0.0
0.0
0.0
0.0
0.0
-1.5
0.0
0.0
0.0
-1048576.0
0.0
0.0
-524287.999998
0.0
-1.5
0.0
-4095.99975586
0.0
31.96875
0.0
0.0
-511.998046875
0.0
0.0
0.0
-8191.99987793
0.0
0.0
-7.875
0.0
-3.75
0.0
31.96875
0.0
0.0
0.0
0.0
1.5
1.5
0.0
0.0
0.0
1048576.0
-15.9375
-67108864.0
0.0
0.0
0.0
-4194304.0
-63.984375
0.0
0.0
1023.99902344
0.0
0.0
0.0
0.0
0.0
0.0
0.0
-1.5
0.0
0.0
0.0
0.0
0.0
-67108864.0
-4194304.0
0.0
0.0
0.0
0.0
0.0
0.0
0.0
0.0
0.0
0.0
131071.999992
0.0
0.0
-1.5
0.0
0.0
4194304.0
-262143.999996
1.5
0.0
0.0
0.0
0.0
511.998046875
-255.99609375
-8191.99987793
-15.9375
0.0
3.75
0.0
0.0
0.0
2097152.0
-1.5
-65535.9999847
0.0
0.0
0.0
0.0
0.0
0.0
0.0
0.0
0.0
0.0
0.0
0.0
0.0
63.984375
0.0
0.0
0.0
0.0
0.0
0.0
0.0
0.0
0.0
0.0
-7.875
-1.5
0.0
0.0
0.0
-2097152.0
0.0
0.0
-16777216.0
-1048576.0
0.0
0.0
0.0
0.0
0.0
0.0
-15.9375
-1.5
0.0
0.0
0.0
0.0
0.0
15.9375
0.0
-1.5
-16777216.0
-524287.999998
