1.5
-2047.99951172
-127.9921875
0.0
0.0
0.0
0.0
0.0
0.0
31.96875
0.0
127.9921875
0.0
0.0
63.984375
65535.9999847
0.0
0.0
0.0
0.0
-3.75
-63.984375
0.0
0.0
-32767.9999695
7.875
524287.999998
0.0
0.0
0.0
255.99609375
262143.999996
0.0
-32767.9999695
0.0
-511.998046875
0.0
1023.99902344
0.0
0.0
1.5
127.9921875
1.5
0.0
0.0
0.0
0.0
0.0
0.0
0.0
7.875
0.0
0.0
-32767.9999695
0.0
0.0
-511.998046875
-16383.999939
0.0
0.0
0.0
-65535.9999847
131071.999992
0.0
0.0
0.0
63.984375
0.0
0.0
0.0
-1023.99902344
0.0
-65535.9999847
-1023.99902344
-63.984375
0.0
0.0
0.0
0.0
0.0
0.0
-131071.999992
0.0
-131071.999992
0.0
127.9921875
0.0
63.984375
0.0
127.9921875
0.0
0.0
0.0
-1.5
-8191.99987793
0.0
-1023.99902344
0.0
-8191.99987793
127.9921875
0.0
0.0
0.0
0.0
262143.999996
-63.984375
0.0
-31.96875
-63.984375
255.99609375
7.875
0.0
-3.75
0.0
0.0
0.0
0.0
-1.5
0.0
0.0
-1.5
0.0
0.0
0.0
0.0
0.0
-63.984375
0.0
0.0
0.0
0.0
0.0
0.0
0.0
0.0
-127.9921875
0.0
0.0
0.0
0.0
0.0
0.0
0.0
0.0
131071.999992
0.0
0.0
0.0
-8191.99987793
0.0
0.0
-131071.999992
15.9375
0.0
0.0
0.0
-4095.99975586
0.0
0.0
0.0
0.0
0.0
0.0
31.96875
0.0
0.0
0.0
-2047.99951172
0.0
0.0
0.0
0.0
0.0
0.0
0.0
0.0
-1048576.0
0.0
0.0
-4095.99975586
0.0
-63.984375
0.0
0.0
0.0
0.0
0.0
0.0
0.0
31.96875
0.0
0.0
0.0
0.0
0.0
-131071.999992
0.0
0.0
-16383.999939
0.0
-511.998046875
0.0
0.0
0.0
0.0
0.0
0.0
0.0
0.0
0.0
0.0
-1.5
0.0
0.0
0.0
-15.9375
0.0
0.0
-2047.99951172
0.0
-1.5
0.0
-511.998046875
0.0
1.5
0.0
0.0
1023.99902344
0.0
0.0
0.0
-255.99609375
0.0
0.0
-1.5
0.0
-31.96875
0.0
1.5
0.0
0.0
0.0
0.0
-15.9375
-15.9375
0.0
0.0
0.0
511.998046875
511.998046875
-524287.999998
0.0
0.0
0.0
-131071.999992
-8191.99987793
0.0
0.0
15.9375
0.0
0.0
0.0
0.0
0.0
0.0
0.0
-1.5
0.0
0.0
0.0
0.0
0.0
-1048576.0
-8191.99987793
0.0
0.0
0.0
0.0
0.0
0.0
0.0
0.0
0.0
0.0
511.998046875
0.0
0.0
-1.5
0.0
0.0
32767.9999695
-511.998046875
-31.96875
0.0
0.0
0.0
0.0
-511.998046875
-127.9921875
-63.984375
-255.99609375
0.0
511.998046875
0.0
0.0
0.0
32767.9999695
-1.5
-8191.99987793
0.0
0.0
0.0
0.0
0.0
0.0
0.0
0.0
0.0
0.0
0.0
0.0
0.0
0.0
0.0
0.0
0.0
0.0
0.0
0.0
0.0
0.0
0.0
0.0
0.0
0.0
0.0
0.0
0.0
-131071.999992
0.0
0.0
-131071.999992
-2047.99951172
0.0
0.0
0.0
0.0
0.0
0.0
-511.998046875
-1.5
0.0
0.0
0.0
0.0
0.0
-7.875
0.0
-1.5
-15.9375
3.75
